0.500 0.500 0.500 0.500 0.500 0.500 0.500 0.500 0.500 0.500 
0.500 0.500 0.500 0.500 0.500 0.500 0.500 0.500 0.500 0.500 
0.500 0.500 0.500 0.500 0.500 0.500 0.500 0.500 0.500 0.500 
0.500 0.500 0.500 0.500 0.500 0.501 0.501 0.501 0.501 0.501 
0.501 0.501 0.501 0.504 0.507 0.507 0.509 0.510 0.514 0.515 
0.521 0.527 0.532 0.542 0.559 0.582 0.608 0.649 0.703 0.741 
0.792 0.813 0.813 0.771 0.714 0.657 0.611 0.572 0.545 0.525 
0.512 0.510 0.506 0.506 0.505 0.505 0.504 0.504 0.502 0.500 
0.500 0.500 0.500 0.500 0.500 0.500 0.500 0.500 0.500 0.500 
0.500 0.500 0.500 0.500 0.500 0.500 0.500 0.500 0.500 0.500 0.500
 
0.500 0.500 0.500 0.500 0.500 0.500 0.500 0.500 0.500 0.500 
0.500 0.500 0.500 0.500 0.500 0.500 0.500 0.500 0.500 0.501 
0.501 0.501 0.501 0.501 0.501 0.501 0.501 0.501 0.501 0.501 
0.501 0.501 0.501 0.501 0.501 0.501 0.501 0.502 0.501 0.499 
0.501 0.504 0.504 0.504 0.506 0.503 0.508 0.518 0.521 0.532 
0.539 0.561 0.570 0.580 0.592 0.591 0.584 0.570 0.558 0.544 
0.525 0.516 0.512 0.513 0.510 0.502 0.504 0.500 0.499 0.499 
0.500 0.501 0.501 0.500 0.501 0.500 0.500 0.500 0.500 0.500 
0.500 0.501 0.500 0.500 0.500 0.500 0.500 0.500 0.500 0.500 
0.500 0.500 0.500 0.500 0.500 0.500 0.500 0.500 0.500 0.500 0.500

0.500 0.500 0.500 0.500 0.500 0.500 0.500 0.500 0.500 0.500 
0.500 0.500 0.500 0.501 0.501 0.501 0.501 0.501 0.501 0.501 
0.501 0.501 0.501 0.501 0.501 0.501 0.501 0.501 0.501 0.501 
0.501 0.501 0.501 0.501 0.501 0.501 0.501 0.501 0.503 0.503 
0.504 0.506 0.506 0.504 0.505 0.509 0.521 0.532 0.544 0.559 
0.568 0.586 0.598 0.588 0.587 0.555 0.539 0.527 0.517 0.516 
0.509 0.506 0.506 0.504 0.503 0.502 0.502 0.502 0.502 0.501 
0.501 0.501 0.501 0.501 0.501 0.501 0.501 0.501 0.501 0.501 
0.501 0.501 0.501 0.501 0.501 0.500 0.500 0.500 0.500 0.500 
0.500 0.500 0.500 0.500 0.500 0.500 0.500 0.500 0.500 0.500 0.500

0.500 0.500 0.500 0.500 0.500 0.500 0.500 0.500 0.500 0.500 
0.500 0.500 0.500 0.500 0.500 0.500 0.500 0.500 0.500 0.500 
0.500 0.500 0.500 0.500 0.500 0.500 0.500 0.500 0.500 0.500 
0.500 0.500 0.500 0.500 0.500 0.500 0.500 0.500 0.500 0.500 
0.501 0.500 0.501 0.503 0.510 0.514 0.524 0.535 0.546 0.560 
0.572 0.588 0.613 0.618 0.596 0.574 0.557 0.534 0.518 0.505 
0.502 0.502 0.500 0.500 0.499 0.499 0.501 0.501 0.501 0.500 
0.500 0.500 0.500 0.500 0.500 0.500 0.500 0.500 0.500 0.500 
0.500 0.500 0.500 0.500 0.500 0.500 0.500 0.500 0.500 0.500 
0.500 0.500 0.500 0.500 0.500 0.500 0.500 0.500 0.500 0.500 0.500
